[AutoIdSort]
# ##############################################################################
#	DESCRIPTOR
#		0 - Area (Default)
#		1 - Perimeter
#		2 - Min Radius
#		3 - Max Radius
# ##############################################################################
DESCRIPTOR=0
DEFAULT_COLOR=00808080

[Area]
###############################################################################
#	Interval
#		[Min_i, Max_i], i = 1 to 10, Min_i < Max_i
#		[0, 0] - empty (Default)
# ##############################################################################
Ú}
Min_1=0.000000
Max_1=0.077500
Clr_1=00808080
Min_2=0.077500
Max_2=0.155000
Clr_2=0080ff80
Min_3=0.155000
Max_3=0.232500
Clr_3=00c080ff
Min_4=0.232500
Max_4=0.310000
Clr_4=008000ff
Min_5=0.310000
Max_5=0.387500
Clr_5=00ff0080
Min_6=0.387500
Max_6=0.465000
Clr_6=0000ffff
Min_7=0.465000
Max_7=0.542500
Clr_7=00ffffff
Min_8=0.542500
Max_8=0.620000
Clr_8=00400000
Min_9=0.620000
Max_9=0.697500
Clr_9=00ffffff
Min_10=0.697500
Max_10=4.650000
Clr_10=0080ff80

[Perimeter]
###############################################################################
#	Interval
#		[Min_i, Max_i], i = 1 to 10, Min_i < Max_i
#		[0, 0] - empty (Default)
# ##############################################################################
Ú}
Min_1=0.000000
Max_1=0.000000
Clr_1=00808080
Min_2=0.000000
Max_2=0.000000
Clr_2=00808080
Min_3=0.000000
Max_3=0.000000
Clr_3=00808080
Min_4=0.000000
Max_4=0.000000
Clr_4=00808080
Min_5=0.000000
Max_5=0.000000
Clr_5=00808080
Min_6=0.000000
Max_6=0.000000
Clr_6=00808080
Min_7=0.000000
Max_7=0.000000
Clr_7=00808080
Min_8=0.000000
Max_8=0.000000
Clr_8=00808080
Min_9=0.000000
Max_9=0.000000
Clr_9=00808080
Min_10=0.000000
Max_10=0.000000
Clr_10=00808080

[Min Radius]
###############################################################################
#	Interval
#		[Min_i, Max_i], i = 1 to 10, Min_i < Max_i
#		[0, 0] - empty (Default)
# ##############################################################################
Ú}
Min_1=0.000000
Max_1=0.000000
Clr_1=00808080
Min_2=0.000000
Max_2=0.000000
Clr_2=00808080
Min_3=0.000000
Max_3=0.000000
Clr_3=00808080
Min_4=0.000000
Max_4=0.000000
Clr_4=00808080
Min_5=0.000000
Max_5=0.000000
Clr_5=00808080
Min_6=0.000000
Max_6=0.000000
Clr_6=00808080
Min_7=0.000000
Max_7=0.000000
Clr_7=00808080
Min_8=0.000000
Max_8=0.000000
Clr_8=00808080
Min_9=0.000000
Max_9=0.000000
Clr_9=00808080
Min_10=0.000000
Max_10=0.000000
Clr_10=00808080

[Max Radius]
###############################################################################
#	Interval
#		[Min_i, Max_i], i = 1 to 10, Min_i < Max_i
#		[0, 0] - empty (Default)
# ##############################################################################
Ú}
Min_1=0.000000
Max_1=0.000000
Clr_1=00808080
Min_2=0.000000
Max_2=0.000000
Clr_2=00808080
Min_3=0.000000
Max_3=0.000000
Clr_3=00808080
Min_4=0.000000
Max_4=0.000000
Clr_4=00808080
Min_5=0.000000
Max_5=0.000000
Clr_5=00808080
Min_6=0.000000
Max_6=0.000000
Clr_6=00808080
Min_7=0.000000
Max_7=0.000000
Clr_7=00808080
Min_8=0.000000
Max_8=0.000000
Clr_8=00808080
Min_9=0.000000
Max_9=0.000000
Clr_9=00808080
Min_10=0.000000
Max_10=0.000000
Clr_10=00808080

