[AutoIdSort]
# ##############################################################################
#	DESCRIPTOR
#		0 - Area (Default)
#		1 - Perimeter
#		2 - Min Radius
#		3 - Max Radius
# ##############################################################################
DESCRIPTOR=0
DEFAULT_COLOR=00808080

[Area]
###############################################################################
#	Interval
#		[Min_i, Max_i], i = 1 to 10, Min_i < Max_i
#		[0, 0] - empty (Default)
# ##############################################################################
üQn¼è¼ ±ò}TŽe
Min_1=0.000000
Max_1=0.050000
Clr_1=0080ff80
Min_2=0.050000
Max_2=0.100000
Clr_2=00ffff80
Min_3=0.100000
Max_3=0.150000
Clr_3=000000ff
Min_4=0.150000
Max_4=0.200000
Clr_4=0080ffff
Min_5=0.200000
Max_5=0.250000
Clr_5=00ff0080
Min_6=0.250000
Max_6=0.300000
Clr_6=00ffffff
Min_7=0.300000
Max_7=0.350000
Clr_7=00c080ff
Min_8=0.350000
Max_8=0.400000
Clr_8=00808040
Min_9=0.000000
Max_9=0.000000
Clr_9=00808080
Min_10=0.000000
Max_10=0.000000
Clr_10=00808080

[Perimeter]
###############################################################################
#	Interval
#		[Min_i, Max_i], i = 1 to 10, Min_i < Max_i
#		[0, 0] - empty (Default)
# ##############################################################################
üQn¼è¼ ±ò}TŽe
Min_1=0.000000
Max_1=0.000000
Clr_1=00808080
Min_2=0.000000
Max_2=0.000000
Clr_2=00808080
Min_3=0.000000
Max_3=0.000000
Clr_3=00808080
Min_4=0.000000
Max_4=0.000000
Clr_4=00808080
Min_5=0.000000
Max_5=0.000000
Clr_5=00808080
Min_6=0.000000
Max_6=0.000000
Clr_6=00808080
Min_7=0.000000
Max_7=0.000000
Clr_7=00808080
Min_8=0.000000
Max_8=0.000000
Clr_8=00808080
Min_9=0.000000
Max_9=0.000000
Clr_9=00808080
Min_10=0.000000
Max_10=0.000000
Clr_10=00808080

[Min Radius]
###############################################################################
#	Interval
#		[Min_i, Max_i], i = 1 to 10, Min_i < Max_i
#		[0, 0] - empty (Default)
# ##############################################################################
üQn¼è¼ ±ò}TŽe
Min_1=0.000000
Max_1=0.000000
Clr_1=00808080
Min_2=0.000000
Max_2=0.000000
Clr_2=00808080
Min_3=0.000000
Max_3=0.000000
Clr_3=00808080
Min_4=0.000000
Max_4=0.000000
Clr_4=00808080
Min_5=0.000000
Max_5=0.000000
Clr_5=00808080
Min_6=0.000000
Max_6=0.000000
Clr_6=00808080
Min_7=0.000000
Max_7=0.000000
Clr_7=00808080
Min_8=0.000000
Max_8=0.000000
Clr_8=00808080
Min_9=0.000000
Max_9=0.000000
Clr_9=00808080
Min_10=0.000000
Max_10=0.000000
Clr_10=00808080

[Max Radius]
###############################################################################
#	Interval
#		[Min_i, Max_i], i = 1 to 10, Min_i < Max_i
#		[0, 0] - empty (Default)
# ##############################################################################
üQn¼è¼ ±ò}TŽe
Min_1=0.000000
Max_1=0.000000
Clr_1=00808080
Min_2=0.000000
Max_2=0.000000
Clr_2=00808080
Min_3=0.000000
Max_3=0.000000
Clr_3=00808080
Min_4=0.000000
Max_4=0.000000
Clr_4=00808080
Min_5=0.000000
Max_5=0.000000
Clr_5=00808080
Min_6=0.000000
Max_6=0.000000
Clr_6=00808080
Min_7=0.000000
Max_7=0.000000
Clr_7=00808080
Min_8=0.000000
Max_8=0.000000
Clr_8=00808080
Min_9=0.000000
Max_9=0.000000
Clr_9=00808080
Min_10=0.000000
Max_10=0.000000
Clr_10=00808080

